33205						
33326						
54334						
665644						
33961						
53034						
33575						
33576						
33187						
5558						
33190						
24628						
33200						
94004						
59940						
33229						
XXXX						
33209						
24627						
33210						
33930						
54436						
gg						
52877						
33150						
ZZZZ						
34024						
34025						
33224						
53642						
AAA999						
1160						
32153						
vv						
BBB555						
52925						
53205						
33259						
54487						
OOOO						
BBB999						
34042						
AAA333						
AAA444						
33312						
52658						
1111						
24625						
1174						
52879						
59585						
BBB888						
54716						
53772						
392002						
33415						
50441						
34059						
0						
33433						
52897						
33732						
33439						
xx						
41940						
54555						
33182						
52913						
53672						
82991						
628188						
53964						
52553						
52703						
33289						
33347						
39348						
33389						
33263						
33758						
33585						
33514						
32454						
33550						
33303						
33555						
ss						
33699						
52924						
48496						
aabbcc						
54715						
52942						
300392887						
55559						
3993883						
35105						
jj						
33622						
33476						
33634						
33556						
34124						
54107						
53669						
53662						
34134						
33199						
34070						
53648						
34069						
33459						
34071						
1203						
33455						
33336						
33577						
2244556						
33456						
53035						
33470						
1206						
53773						
54966						
24753						
cccc						
1131333						
53670						
68499300						
53627						
34095						
33493						
54675						
1176						
9288288						
33611						
33491						
83776						
2992						
